32
16s_sample_1                                                                                                                                                                                                           0.0000000 0.0025043 0.0025043 0.0025043 0.0025043 0.0050627 0.0245009 0.0051707 0.0242993 0.0215369 0.0257324 0.0214519 0.0510160 0.0838167 0.0463844 0.0505017 0.0522483 0.0510562 0.0659331 0.0733180 0.0782161 0.0590529 0.0593572 0.0561755 0.0636871 0.0557408 0.0604705 0.0621186 0.0605519 0.0632590 0.0678461 0.1786960 
16s_sample_3                                                                                                                                                                                                           0.0025043 0.0000000 0.0000010 0.0000010 0.0000010 0.0024966 0.0214571 0.0025488 0.0212843 0.0185674 0.0226876 0.0184965 0.0472469 0.0790204 0.0426927 0.0466590 0.0484865 0.0472829 0.0615641 0.0687883 0.0782161 0.0549249 0.0551996 0.0521796 0.0595007 0.0517830 0.0563258 0.0579481 0.0564088 0.0589917 0.0635327 0.1786960 
16s_sample_2                                                                                                                                                                                                           0.0025043 0.0000010 0.0000000 0.0000010 0.0000010 0.0024880 0.0213808 0.0025399 0.0212092 0.0185017 0.0226075 0.0184314 0.0470704 0.0787110 0.0425326 0.0464813 0.0483079 0.0471068 0.0613210 0.0685183 0.0782161 0.0547116 0.0549841 0.0519801 0.0592728 0.0515862 0.0561080 0.0577248 0.0561919 0.0587607 0.0632877 0.1786960 
OK104733.1_1090-2613_Aspidoscelis_neomexicanus_isolate_RLK095_mitochondrion__partial_genome                                                                                                                            0.0025043 0.0000010 0.0000010 0.0000000 0.0000010 0.0022245 0.0190357 0.0036279 0.0188409 0.0164393 0.0200772 0.0163844 0.0413631 0.0698872 0.0373733 0.0407386 0.0424871 0.0413899 0.0567134 0.0611291 0.0782161 0.0477470 0.0479492 0.0454773 0.0536322 0.0451770 0.0512986 0.0503980 0.0490575 0.0519601 0.0551871 0.1786960 
OK104731.1_1092-2615_Aspidoscelis_neomexicanus_isolate_RLK090_mitochondrion__complete_genome                                                                                                                           0.0025043 0.0000010 0.0000010 0.0000010 0.0000000 0.0022245 0.0190357 0.0036279 0.0188409 0.0164393 0.0200772 0.0163844 0.0413631 0.0698872 0.0373733 0.0407386 0.0424871 0.0413899 0.0567134 0.0611291 0.0782161 0.0477470 0.0479492 0.0454773 0.0536322 0.0451770 0.0512986 0.0503980 0.0490575 0.0519601 0.0551871 0.1786960 
OK104667.1_1292-2815_Aspidoscelis_neomexicanus_isolate_ASH078_mitochondrion__complete_genome                                                                                                                           0.0050627 0.0024966 0.0024880 0.0022245 0.0022245 0.0000000 0.0189762 0.0036174 0.0187827 0.0163894 0.0200146 0.0163348 0.0412056 0.0663354 0.0372337 0.0405812 0.0395385 0.0412321 0.0533451 0.0608559 0.0786724 0.0445767 0.0447621 0.0452952 0.0534053 0.0449978 0.0510753 0.0501888 0.0488546 0.0517362 0.0549515 0.1773509 
AY046492.1.A.tigris.                                                                                                                                                                                                   0.0245009 0.0214571 0.0213808 0.0190357 0.0190357 0.0189762 0.0000000 0.0219597 0.0164213 0.0164765 0.0201195 0.0164213 0.0403148 0.0594915 0.0349020 0.0396670 0.0372461 0.0403410 0.0468630 0.0533279 0.0699034 0.0462987 0.0464937 0.0382690 0.0503104 0.0408844 0.0445654 0.0439726 0.0476080 0.0504562 0.0537025 0.1831805 
AY046491.1.A.tigris.                                                                                                                                                                                                   0.0051707 0.0025488 0.0025399 0.0036279 0.0036279 0.0036174 0.0219597 0.0000000 0.0217889 0.0191715 0.0231421 0.0191008 0.0467499 0.0770301 0.0423813 0.0461769 0.0479435 0.0467841 0.0603930 0.0672875 0.0852420 0.0540711 0.0543291 0.0514578 0.0584553 0.0510836 0.0554139 0.0569672 0.0554946 0.0579475 0.0622997 0.1848605 
AY046490.1.A.tigris.                                                                                                                                                                                                   0.0242993 0.0212843 0.0212092 0.0188409 0.0188409 0.0187827 0.0164213 0.0217889 0.0000000 0.0067494 0.0055951 0.0067290 0.0317634 0.0587568 0.0372876 0.0362095 0.0368290 0.0317818 0.0462990 0.0508932 0.0691463 0.0384622 0.0386154 0.0324174 0.0439313 0.0350010 0.0402622 0.0398553 0.0383209 0.0435761 0.0458872 0.1626710 
AY046489.1.A.tigris.                                                                                                                                                                                                   0.0215369 0.0185674 0.0185017 0.0164393 0.0164393 0.0163894 0.0164765 0.0191715 0.0067494 0.0000000 0.0056117 0.0044710 0.0318888 0.0609446 0.0346472 0.0323551 0.0342230 0.0319083 0.0495218 0.0526481 0.0719205 0.0415376 0.0417069 0.0353697 0.0455823 0.0379729 0.0434981 0.0429469 0.0367519 0.0452653 0.0490785 0.1680550 
AY046494.1.A.tigris.                                                                                                                                                                                                   0.0257324 0.0226876 0.0226075 0.0200772 0.0200772 0.0200146 0.0201195 0.0231421 0.0055951 0.0056117 0.0000000 0.0033348 0.0331309 0.0587568 0.0386829 0.0362095 0.0368290 0.0331512 0.0462990 0.0478727 0.0691463 0.0399025 0.0400627 0.0338133 0.0453845 0.0364006 0.0387487 0.0384073 0.0368837 0.0450639 0.0414710 0.1680550 
AY046493.1.A.tigris.                                                                                                                                                                                                   0.0214519 0.0184965 0.0184314 0.0163844 0.0163844 0.0163348 0.0164213 0.0191008 0.0067290 0.0044710 0.0033348 0.0000000 0.0290414 0.0572163 0.0345085 0.0320348 0.0327314 0.0290587 0.0448134 0.0493862 0.0672764 0.0384622 0.0386154 0.0324174 0.0439313 0.0350010 0.0372529 0.0369758 0.0383209 0.0435761 0.0429401 0.1680550 
AF206585.1.A.tigris.                                                                                                                                                                                                   0.0510160 0.0472469 0.0470704 0.0413631 0.0413631 0.0412056 0.0403148 0.0467499 0.0317634 0.0318888 0.0331309 0.0290414 0.0000000 0.0619016 0.0402984 0.0305294 0.0392122 0.0022283 0.0529172 0.0542072 0.0726996 0.0407548 0.0396803 0.0293682 0.0451444 0.0333024 0.0400783 0.0396794 0.0435462 0.0460658 0.0459978 0.1898260 
AY046478.1.A.inornat                                                                                                                                                                                                   0.0838167 0.0790204 0.0787110 0.0698872 0.0698872 0.0663354 0.0594915 0.0770301 0.0587568 0.0609446 0.0587568 0.0572163 0.0619016 0.0000000 0.0678279 0.0481920 0.0596022 0.0632209 0.0180698 0.0306367 0.0052577 0.0406665 0.0408336 0.0377880 0.0387717 0.0360826 0.0347467 0.0345747 0.0396318 0.0384627 0.0394888 0.1931845 
AY046473.1.A.deppei.                                                                                                                                                                                                   0.0463844 0.0426927 0.0425326 0.0373733 0.0373733 0.0372337 0.0349020 0.0423813 0.0372876 0.0346472 0.0386829 0.0345085 0.0402984 0.0678279 0.0000000 0.0278080 0.0191166 0.0403248 0.0560995 0.0592858 0.0808537 0.0433297 0.0435102 0.0403028 0.0580638 0.0400371 0.0468045 0.0461012 0.0533202 0.0580537 0.0600115 0.1785852 
AY046476.1.A.guttatu                                                                                                                                                                                                   0.0505017 0.0466590 0.0464813 0.0407386 0.0407386 0.0405812 0.0396670 0.0461769 0.0362095 0.0323551 0.0362095 0.0320348 0.0305294 0.0481920 0.0278080 0.0000000 0.0219872 0.0317279 0.0353001 0.0385259 0.0571525 0.0394823 0.0383938 0.0344149 0.0453256 0.0341926 0.0360206 0.0357946 0.0416214 0.0502746 0.0504332 0.1853789 
HM012703.1.A.lineatt                                                                                                                                                                                                   0.0522483 0.0484865 0.0483079 0.0424871 0.0424871 0.0395385 0.0372461 0.0479435 0.0368290 0.0342230 0.0368290 0.0327314 0.0392122 0.0596022 0.0191166 0.0219872 0.0000000 0.0392368 0.0484277 0.0475795 0.0695468 0.0421748 0.0411085 0.0384869 0.0513141 0.0396799 0.0438939 0.0450005 0.0452049 0.0542907 0.0547291 0.1647636 
AY046477.1.A.hyperyt                                                                                                                                                                                                   0.0510562 0.0472829 0.0471068 0.0413899 0.0413899 0.0412321 0.0403410 0.0467841 0.0317818 0.0319083 0.0331512 0.0290587 0.0022283 0.0632209 0.0403248 0.0317279 0.0392368 0.0000000 0.0542176 0.0554691 0.0742630 0.0407825 0.0397073 0.0293859 0.0464018 0.0333231 0.0401059 0.0397056 0.0435753 0.0460988 0.0460297 0.1901738 
AY046487.1.A.sexline                                                                                                                                                                                                   0.0659331 0.0615641 0.0613210 0.0567134 0.0567134 0.0533451 0.0468630 0.0603930 0.0462990 0.0495218 0.0462990 0.0448134 0.0529172 0.0180698 0.0560995 0.0353001 0.0484277 0.0542176 0.0000000 0.0131640 0.0194387 0.0341755 0.0343072 0.0300084 0.0338290 0.0312079 0.0281637 0.0311554 0.0329261 0.0334748 0.0376007 0.1887628 
AY046486.1.A.sexline                                                                                                                                                                                                   0.0733180 0.0687883 0.0685183 0.0611291 0.0611291 0.0608559 0.0533279 0.0672875 0.0508932 0.0526481 0.0478727 0.0493862 0.0542072 0.0306367 0.0592858 0.0385259 0.0475795 0.0554691 0.0131640 0.0000000 0.0359094 0.0352117 0.0353472 0.0281625 0.0376420 0.0293487 0.0358036 0.0370257 0.0351354 0.0390222 0.0355609 0.1936798 
KU055618.1.A.unipare                                                                                                                                                                                                   0.0782161 0.0782161 0.0782161 0.0782161 0.0782161 0.0786724 0.0699034 0.0852420 0.0691463 0.0719205 0.0691463 0.0672764 0.0726996 0.0052577 0.0808537 0.0571525 0.0695468 0.0742630 0.0194387 0.0359094 0.0000000 0.0507790 0.0510415 0.0437028 0.0479417 0.0451104 0.0433417 0.0432488 0.0459934 0.0492548 0.0494174 0.1976732 
HM012702.1.A.communi                                                                                                                                                                                                   0.0590529 0.0549249 0.0547116 0.0477470 0.0477470 0.0445767 0.0462987 0.0540711 0.0384622 0.0415376 0.0399025 0.0384622 0.0407548 0.0406665 0.0433297 0.0394823 0.0421748 0.0407825 0.0341755 0.0352117 0.0507790 0.0000000 0.0022649 0.0142600 0.0220713 0.0118507 0.0136795 0.0143441 0.0206604 0.0199507 0.0222631 0.1648421 
HM012701.1.A.communi                                                                                                                                                                                                   0.0593572 0.0551996 0.0549841 0.0479492 0.0479492 0.0447621 0.0464937 0.0543291 0.0386154 0.0417069 0.0400627 0.0386154 0.0396803 0.0408336 0.0435102 0.0383938 0.0411085 0.0397073 0.0343072 0.0353472 0.0510415 0.0022649 0.0000000 0.0143053 0.0221462 0.0118864 0.0137246 0.0143893 0.0207291 0.0200183 0.0223393 0.1645627 
AY046471.1.A.costatu                                                                                                                                                                                                   0.0561755 0.0521796 0.0519801 0.0454773 0.0454773 0.0452952 0.0382690 0.0514578 0.0324174 0.0353697 0.0338133 0.0324174 0.0293682 0.0377880 0.0403028 0.0344149 0.0384869 0.0293859 0.0300084 0.0281625 0.0437028 0.0142600 0.0143053 0.0000000 0.0193023 0.0068329 0.0096067 0.0104021 0.0167453 0.0184543 0.0192927 0.1738652 
AY046472.1.A.costatu                                                                                                                                                                                                   0.0636871 0.0595007 0.0592728 0.0536322 0.0536322 0.0534053 0.0503104 0.0584553 0.0439313 0.0455823 0.0453845 0.0439313 0.0451444 0.0387717 0.0580638 0.0453256 0.0513141 0.0464018 0.0338290 0.0376420 0.0479417 0.0220713 0.0221462 0.0193023 0.0000000 0.0179340 0.0231143 0.0234205 0.0105752 0.0144783 0.0130832 0.1674620 
AY046484.1.A.gularis                                                                                                                                                                                                   0.0557408 0.0517830 0.0515862 0.0451770 0.0451770 0.0449978 0.0408844 0.0510836 0.0350010 0.0379729 0.0364006 0.0350010 0.0333024 0.0360826 0.0400371 0.0341926 0.0396799 0.0333231 0.0312079 0.0293487 0.0451104 0.0118507 0.0118864 0.0068329 0.0179340 0.0000000 0.0059660 0.0068921 0.0192563 0.0145339 0.0179243 0.1711317 
AY046485.1.A.gularis                                                                                                                                                                                                   0.0604705 0.0563258 0.0561080 0.0512986 0.0512986 0.0510753 0.0445654 0.0554139 0.0402622 0.0434981 0.0387487 0.0372529 0.0400783 0.0347467 0.0468045 0.0360206 0.0438939 0.0401059 0.0281637 0.0358036 0.0433417 0.0136795 0.0137246 0.0096067 0.0231143 0.0059660 0.0000000 0.0011606 0.0203604 0.0206094 0.0190141 0.1736619 
AY046475.1.A.gularis                                                                                                                                                                                                   0.0621186 0.0579481 0.0577248 0.0503980 0.0503980 0.0501888 0.0439726 0.0569672 0.0398553 0.0429469 0.0384073 0.0369758 0.0396794 0.0345747 0.0461012 0.0357946 0.0450005 0.0397056 0.0311554 0.0370257 0.0432488 0.0143441 0.0143893 0.0104021 0.0234205 0.0068921 0.0011606 0.0000000 0.0207739 0.0199886 0.0194792 0.1803508 
AY046470.1.A.burti.r                                                                                                                                                                                                   0.0605519 0.0564088 0.0561919 0.0490575 0.0490575 0.0488546 0.0476080 0.0554946 0.0383209 0.0367519 0.0368837 0.0383209 0.0435462 0.0396318 0.0533202 0.0416214 0.0452049 0.0435753 0.0329261 0.0351354 0.0459934 0.0206604 0.0207291 0.0167453 0.0105752 0.0192563 0.0203604 0.0207739 0.0000000 0.0158240 0.0144580 0.1704051 
AY046488.1.A.burti.r                                                                                                                                                                                                   0.0632590 0.0589917 0.0587607 0.0519601 0.0519601 0.0517362 0.0504562 0.0579475 0.0435761 0.0452653 0.0450639 0.0435761 0.0460658 0.0384627 0.0580537 0.0502746 0.0542907 0.0460988 0.0334748 0.0390222 0.0492548 0.0199507 0.0200183 0.0184543 0.0144783 0.0145339 0.0206094 0.0199886 0.0158240 0.0000000 0.0107064 0.1760210 
KC621326.1.A.velox.R                                                                                                                                                                                                   0.0678461 0.0635327 0.0632877 0.0551871 0.0551871 0.0549515 0.0537025 0.0622997 0.0458872 0.0490785 0.0414710 0.0429401 0.0459978 0.0394888 0.0600115 0.0504332 0.0547291 0.0460297 0.0376007 0.0355609 0.0494174 0.0222631 0.0223393 0.0192927 0.0130832 0.0179243 0.0190141 0.0194792 0.0144580 0.0107064 0.0000000 0.1739106 
AF101369.1_544-1845_Gymnophthalmus_underwoodi_12S_ribosomal_RNA_gene__partial_sequence__tRNA-Val_gene__complete_sequence__and_16S_ribosomal_RNA_gene__partial_sequence__mitochondrial_genes_for_mitochondrial_products 0.1786960 0.1786960 0.1786960 0.1786960 0.1786960 0.1773509 0.1831805 0.1848605 0.1626710 0.1680550 0.1680550 0.1680550 0.1898260 0.1931845 0.1785852 0.1853789 0.1647636 0.1901738 0.1887628 0.1936798 0.1976732 0.1648421 0.1645627 0.1738652 0.1674620 0.1711317 0.1736619 0.1803508 0.1704051 0.1760210 0.1739106 0.0000000 
